0,552
0,551
0,550
36,7
36,6
0,549
0,548
35,173
35,172
35,171
0,547
0,546
0,545
0,544
0,543
0,542
0,541
0,540
0,539
0,538
0,537
0,536
0,535
0,534
0,533
0,532
37,9
37,8
0,531
0,530
0,529
0,528
0,527
0,526
35,170
35,169
35,168
35,167
0,525
35,166
0,524
35,165
35,164
35,163
35,162
35,161
35,160
35,159
35,158
35,157
35,156
35,155
35,154
35,153
0,523
0,522
35,152
35,151
35,150
35,149
35,148
35,147
35,146
35,145
35,144
35,143
35,142
35,141
35,140
35,139
35,138
35,137
35,136
35,135
35,134
35,133
35,132
35,131
35,130
35,129
35,128
35,127
35,126
35,125
35,124
35,123
35,122
35,121
35,120
35,119
35,118
35,117
35,116
35,115
35,114
35,113
35,112
35,111
35,110
33,4
37,7
36,4
36,1
36,3
33,5
33,1
33,3
27,5
27,4
27,1
27,3
26,4
26,1
26,3
35,109
35,108
35,107
35,106
35,2
35,0
31,3
35,4
38,35
31,1
31,4
37,5
37,1
37,3
30,4
30,5
29,5
30,1
30,3
29,1
29,3
14,5
35,5
35,3
3,2
3,1
3,3
10,94
10,288
10,130
10,24
10,10
10,296
10,234
10,1
10,300
10,2
